-4.448581454429158200e+00
-4.817776980967570566e+00
-3.984853473917890465e+00
-4.015119014884035664e+00
-5.577112864129245118e+00
-1.802555261878298509e+00
-1.026624332418478858e+01
-4.531388199305163234e+00
-6.249622157812739331e+00
-4.284294482400641257e+00
-6.081799564476434661e+00
-3.082251734410721866e+00
-4.568908954984819637e+00
-3.620290500935171352e+00
-8.071975183478249605e+00
-4.138343860797584206e+00
-4.075686012265582470e+00
-4.600979609229292500e+00
-5.781536512321483023e+00
-6.563638096094755348e+00
-7.138832094150282970e+00
-6.232521722836419364e+00
-6.001232018377011812e+00
-7.068203222385297302e+00
-3.251093867924063296e+00
-5.442065929662432744e+00
-5.812664738096920303e+00
-2.101228545488169619e+00
-5.224456884079926589e+00
-5.862129589545228114e+00
-5.688180736139414329e+00
-4.846203623431422969e+00
-6.292962393448378045e+00
-5.549416194905218092e+00
-6.110203544301289647e+00
-5.381211278219401706e+00
-8.090778777855760495e+00
-7.860207735807947849e+00
-6.061018407559024546e+00
-4.091402632499733905e+00
-4.683111416258539883e+00
-4.926088465836524932e+00
-7.399303857895855430e+00
-4.428658381076529871e+00
-3.018850187489141135e+00
-8.856930806372313114e+00
-9.405986192895099407e+00
-4.994781404493997101e+00
-7.067280894547701031e+00
-5.857486842059219434e+00
-5.971269418111691429e+00
-6.931448276968676048e+00
-5.639715934986250012e+00
-5.679263121549660731e+00
-5.447580935236067567e+00
-6.250401302469276388e+00
-5.752030861345430957e+00
-2.824704941976194927e+00
-7.006204366441815878e+00
-5.117603224163874920e+00
-3.822959718640271731e+00
-8.744413000312949436e+00
-7.331077909367782475e+00
-5.623416328593472180e+00
-5.315809266766533092e+00
-8.612874296454092971e+00
-4.748942993595575146e+00
-4.541159151202070809e+00
-5.825086627856518540e+00
-4.558463564255584188e+00
-5.760491188152381703e+00
-6.018486960160857713e+00
-2.989268596211447804e+00
-4.568132736955462292e+00
-8.055940111163382156e+00
-3.916986863366640925e+00
-7.388913307529564989e+00
-3.539667283420142141e+00
-6.375633520121376741e+00
-4.301282039603840701e+00
-7.086684004385024771e+00
-5.778849810952322308e+00
-5.825334615144878825e+00
-5.354816930502655836e+00
-5.041304118479912333e+00
-6.278418550249188712e+00
-5.725003147890789457e+00
-6.071971029699470890e+00
-5.804506996670117047e+00
-5.655430801391601925e+00
-4.213402127938966402e+00
-6.303788755601894778e+00
-6.125006811027727593e+00
-3.953865397538369297e+00
-6.743565245978536460e+00
-6.894481732736029933e+00
-6.612246372142182693e+00
-7.790106944267328970e+00
-5.695613695663709564e+00
-5.105964055197934393e+00
-5.438362810763217148e+00
-5.073875008463859970e+00
-3.833184236465640549e+00
-5.292298116636773742e+00
-4.345962405785918747e+00
-3.762309291623531671e+00
-4.550868029854569841e+00
-7.981575463703526552e+00
-4.651350298967214414e+00
-5.797876848651097426e+00
-4.541175798724716550e+00
-5.857172523550068455e+00
-3.749459488863124967e+00
-5.114496016235404952e+00
-4.246160443065689627e+00
-4.144806469948343342e+00
-5.889455305781840622e+00
-6.027662035635366955e+00
-7.898356503510845172e+00
-4.503438921393825289e+00
-5.875985727382206925e+00
-5.446686937664324546e+00
-4.373604855204002995e+00
-5.117890058054896940e+00
-5.368038398383188081e+00
-4.573463747743514496e+00
-1.147616838438995224e+01
-6.227197461441781101e+00
-9.999788917227343532e+00
-6.988378190814207969e+00
-3.719130157486222998e+00
-4.797522922869770667e+00
-5.080380268809076227e+00
-7.470197817414381269e+00
-4.776358668596173196e+00
-5.303398198617625958e+00
-6.903082006944965876e+00
-4.225350378483534897e+00
-6.296387179992475325e+00
-5.357058999145406730e+00
-6.634223620779194697e+00
-4.629867000985270487e+00
-4.746020719602084270e+00
-5.391720995446049436e+00
-4.335130433145289786e+00
-4.719194347375384346e+00
-4.461731664996594127e+00
-8.514990146772932533e+00
-3.269675209918367464e+00
-4.849419198046126311e+00
-6.373150522933653583e+00
-5.690939055259649493e+00
-4.149033167324337690e+00
-7.359093066399297278e+00
-5.707228208972144223e+00
-3.872435023681571220e+00
-5.083145029911147361e+00
-4.482762272516886526e+00
-6.250048936347169182e+00
-5.432864018097520287e+00
-6.344485414362825537e+00
-6.266290879491097421e+00
-3.382994358098752485e+00
-6.484276349004979956e+00
-2.999729384214306460e+00
-4.974152627304816221e+00
-4.670257451612504163e+00
-4.152631932893146249e+00
-6.668238471422343494e+00
-7.352180547095215069e+00
-4.354268404612938070e+00
-5.401274764449649268e+00
-9.553891279859467289e+00
-6.816240638831007281e+00
-7.114585732756805392e+00
-4.814348659678054254e+00
-7.213132169655214199e+00
-3.392386861724158376e+00
-8.189186346755052526e+00
-5.610543223333236185e+00
-5.892007348452382054e+00
-4.845355551629016766e+00
-3.541498629169538503e+00
-5.086117736654355070e+00
-5.831302598274000992e+00
-7.824541833176591688e+00
-5.044091481177134462e+00
-5.005662059315171497e+00
-6.210734318424638190e+00
-9.241283010484654170e+00
-6.306295231807976798e+00
-9.089457788238927805e+00
-6.616313095472754924e+00
-3.850705170728891069e+00
-6.576366753355290307e+00
-6.628033787924796805e+00
-4.805216786896190584e+00
-4.873420609375463286e+00
-1.007393270303184885e+01
-1.041291281906205590e+01
-5.236522148445869718e+00
-3.143870506515725971e+00
-4.388330466253059114e+00
-6.669139018049460965e+00
-6.334719348957764673e+00
-6.573441975886625599e+00
-4.608695095198232394e+00
-6.082208199064556453e+00
-7.687996160996456219e+00
-6.239240875114998808e+00
-5.831467073855301386e+00
-5.406793660707772453e+00
-7.607940012248238126e+00
-8.079235152755552818e+00
-6.799705516104900482e+00
-5.554596481325105195e+00
-6.056031096752732878e+00
-4.607308625634138011e+00
-5.789013141992191969e+00
-5.780846907715002203e+00
-5.385840026055151775e+00
-3.541166022756448761e+00
-5.491700630416473494e+00
-5.988491175600019645e+00
-5.975274132889384582e+00
-6.031614830054343734e+00
-4.017491083841770561e+00
-7.853071255670866613e+00
-6.230491558614493997e+00
-6.018239149838066737e+00
-6.903219233967988977e+00
-3.193930338969455551e+00
-3.176796662414445027e+00
-5.682245369283482894e+00
-5.363253639670093165e+00
-5.272815502486499994e+00
-4.055098505603770498e+00
-6.971769753765938660e+00
-2.750088204622892718e+00
-3.653725919360916841e+00
-6.168366710947211118e+00
-6.367187686034172067e+00
-5.395277748307838017e+00
-4.076136829722051935e+00
-4.670843634159616897e+00
-4.136901476157209601e+00
-7.613717189790063067e+00
-2.727071544546012305e+00
-5.659937383985766957e+00
-5.642053991713870786e+00
-6.467720982200156676e+00
-5.922093685309715916e+00
-5.051877241673567553e+00
-4.371322819998485265e+00
-5.020345091678827920e+00
-6.046495025380202115e+00
-4.724334757123763495e+00
-5.716184545468538047e+00
-9.353229763997719104e+00
-6.327994705947115328e+00
-5.800195740717153825e+00
-9.810760680226616515e+00
-8.331157692578935681e+00
-4.081186153763906255e+00
-4.283434071416033717e+00
-4.996251831845069269e+00
-6.608143765524030044e+00
-6.835393818163627344e+00
-1.044784459324491621e+01
-4.528694789109132479e+00
-5.066814343259359532e+00
-6.215501812686520466e+00
-4.865250999620805317e+00
-5.174754608756553687e+00
-3.995355089475091770e+00
-6.005896916749580150e+00
-5.704902026604862897e+00
-6.326676242441560127e+00
-9.813178445666407512e+00
-5.124311618043732253e+00
-6.940225858410820514e+00
-5.739667700617885338e+00
-4.508049885377909405e+00
-5.234358876811962880e+00
-5.331504084318256176e+00
-5.649790849696844752e+00
-6.579424792016545176e+00
-6.895912089876829576e+00
-6.204181214100993991e+00
-7.531595829357084604e+00
-8.648792439542715371e+00
-4.961901785020406130e+00
-6.763474005634587449e+00
-4.940241502800334139e+00
-6.114285655503473471e+00
-5.342322301931059059e+00
-1.133418948654892588e+01
-5.539448957815145569e+00
-3.262626977774005788e+00
-5.868256792299447078e+00
-6.549532490587481881e+00
-5.854392841030531258e+00
-7.038880386479196893e+00
-4.550562866389753935e+00
-5.942972911479570186e+00
-6.061078470913074057e+00
-8.144629635206113605e+00
-3.009503537412735685e+00
-3.786171813918897566e+00
-5.893095857591058362e+00
-4.720497995208325470e+00
-6.584811534690363288e+00
-4.976299300783001200e+00
-6.278652583442008606e+00
-5.091324134466546525e+00
-4.549450829740614211e+00
-6.486335539802289496e+00
-6.136189818598951184e+00
-4.621326878725861675e+00
-3.788518990592413704e+00
-9.265391164983933336e+00
-5.537796845991161732e+00
-4.346152225678786785e+00
-5.886565019357950845e+00
-6.624696072259294688e+00
-5.516949358777454293e+00
-5.987940644582113059e+00
-8.819729094222189758e+00
-6.315506090313818710e+00
-5.899326158146684485e+00
-5.769620383817082754e+00
-5.678478172340744479e+00
-6.516225108362116103e+00
-5.838633927206197782e+00
-5.416418313726163447e+00
-5.008887362414973232e+00
-6.230285727176815946e+00
-5.580088025928167106e+00
-9.336630628246815888e+00
-2.803998635672652284e+00
-4.882002643568441158e+00
-6.861102126030871773e+00
-4.318891314018516780e+00
-9.638050515463579160e+00
-5.086654732361438391e+00
-5.622810592856259504e+00
-4.520299755860119006e+00
-4.071301551328971868e+00
-3.523963678618891038e+00
-5.577382049206023318e+00
-4.548855877373365608e+00
-5.365833289825050478e+00
-5.947165127048893218e+00
-6.113648467977222722e+00
-9.436868391557290181e+00
-5.662604131696126863e+00
-5.848757892393199320e+00
-4.461554447316252059e+00
-5.513408550094195171e+00
-5.378119432638091446e+00
-6.684291386059796558e+00
-5.694423999174188289e+00
-5.772287473397952340e+00
-3.886095931633687162e+00
-7.460521955179673093e+00
-7.548955649050575367e+00
-7.844904166185606265e+00
-5.024354390261697390e+00
-6.727687163859608077e+00
-9.205552974365653895e+00
-5.428973248651871586e+00
-7.462170736015464101e+00
-5.832326742724204038e+00
-6.796231139543158051e+00
-4.055249193464716129e+00
-5.646066007230430728e+00
-4.392512699681022426e+00
-5.779325167618067915e+00
-8.277460513660065189e+00
-7.099146525356919923e+00
-5.394036949581778373e+00
-4.933983311805254068e+00
-5.656194241531815159e+00
-4.302983456627776704e+00
-1.041973688036700274e+01
-5.667486172085009599e+00
-6.208146208803479560e+00
-7.515440257896360166e+00
-5.830596859736370874e+00
-9.102365001874048289e+00
-6.091378554692491676e+00
-4.915500528329983965e+00
-5.656832565290231152e+00
-4.877851838902258486e+00
-5.955057745634889876e+00
-8.586166527136541049e+00
-1.239504008167299887e+01
-6.235612516825399965e+00
-7.861433353811505320e+00
-4.727942992803950695e+00
-6.325130358185620416e+00
-5.820251675506434630e+00
-3.861142912141356298e+00
-4.680345966527860391e+00
-5.066533017219355450e+00
-3.805036242501189658e+00
-7.190023194391903516e+00
-8.675453307311986606e+00
-5.139772243602823032e+00
-3.363901708011826752e+00
-6.047130003487070304e+00
-6.620166401915254184e+00
-3.186827085571366069e+00
-5.381664417343213991e+00
-4.695842865647746223e+00
-7.153323601599780091e+00
-5.440887458881363159e+00
-6.175107359112550931e+00
-6.026525202442582163e+00
-2.884355835132300427e+00
-6.812591977020107770e+00
-5.956697398491202833e+00
-6.133420851074784075e+00
-8.832794788427655419e+00
-5.635974669069677034e+00
-7.505256225390362523e+00
-4.508202368795872772e+00
-6.336176060330743098e+00
-4.969987308298545514e+00
-4.065231110096602762e+00
-8.475228650476784864e+00
-5.150885804448276595e+00
-6.386361778313911941e+00
-7.714308782784266683e+00
-6.992766577308379361e+00
-5.194471811490133817e+00
-4.425964649667959883e+00
-5.020093821988750094e+00
-5.335035593340794691e+00
-6.296798697209606388e+00
-7.781644893702124754e+00
-4.121800332156324131e+00
-4.796464001654335618e+00
-9.390449346809957021e+00
-4.755392157663283825e+00
-6.393071337330465731e+00
-4.975780465887239323e+00
-3.235516125806919607e+00
-7.620007659435893643e+00
-4.890679150057959390e+00
-5.074129609560597665e+00
-6.354310833134380054e+00
-4.051231391808019389e+00
-9.161138629145924028e+00
-6.231188626588632928e+00
-8.666237672283003235e+00
-6.140610835451634664e+00
-6.968954486255225511e+00
-4.057574509690205389e+00
-8.201232688835510487e+00
-4.820951255228989929e+00
-7.712760361922906149e+00
-5.510992871089527512e+00
-4.309156888557601484e+00
-4.253947541508206420e+00
-5.201993736488126352e+00
-7.276118458961446933e+00
-3.871619616094353233e+00
-6.088164361948768644e+00
-4.158283041926719825e+00
-5.632994398378456502e+00
-1.015927377018643263e+01
-6.297065019699434885e+00
-5.827468934020028080e+00
-7.291572872375451375e+00
-5.715642649273701359e+00
-5.723130574118342473e+00
-5.586874398504071415e+00
-7.253447672921544687e+00
-3.867871679633855919e+00
-4.748241638158140709e+00
-6.397957946077609925e+00
-7.502942898247392023e+00
-3.848012058114012479e+00
-4.005058798478293269e+00
-4.813862711739416156e+00
-5.046739450434845509e+00
-5.892141236505160862e+00
-3.527330704536911110e+00
-4.998128797663995648e+00
-5.156631384734062351e+00
-5.856991199014704996e+00
-5.787451459130274145e+00
-6.043883314248173377e+00
-4.885856921700141520e+00
-5.123378137851133829e+00
-6.226727388721580603e+00
-7.165411584481593543e+00
-5.016945510474966952e+00
-9.734195210841793511e+00
-6.660707013251257358e+00
-3.692975947283209326e+00
-5.201920428870871582e+00
-7.712164601579306833e+00
-4.577064087228851719e+00
-8.161629754920801005e+00
-4.403931992921359395e+00
-5.620698780712986675e+00
-4.102243112193418639e+00
-5.221850319424643949e+00
-5.458069698000946879e+00
-5.121778758233416440e+00
-4.890820031492038034e+00
-5.566119255434723634e+00
-7.206063139553490871e+00
-8.619700294999409707e+00
-4.559325589800875100e+00
-3.792869417653109476e+00
-6.156200671218334364e+00
-5.018367816473048748e+00
-6.439647529290989603e+00
-4.710105525376896196e+00
-3.740835355298594234e+00
-4.825116633849218850e+00
-5.165906103163338869e+00
-7.837628858267641441e+00
-4.070527116850637839e+00
-4.630176879268137924e+00
-4.105650420870011530e+00
-5.701346673010540655e+00
-4.721730083319046756e+00
-4.182420806597298757e+00
-1.751043967472390328e+00
-4.815327211664370388e+00
-6.073508035925529569e+00
-3.083589033715425476e+00
-7.365389684309562313e+00
-4.059991811440013088e+00
-8.221638127698250642e+00
-6.241842182520157323e+00
-5.962270368734996495e+00
-6.405483524439860687e+00
-4.224302285487451236e+00
-2.825072464937966377e+00
-3.755331498474506979e+00
-1.000375276491667442e+01
-6.876553034304329515e+00
-6.123377788160619062e+00
-5.383869190994650999e+00
-5.838508304852993547e+00
-7.372797666755197099e+00
-5.618797805339099227e+00
-2.630572255769124901e+00
-6.950335508304340770e+00
-2.630229898528507526e+00
-8.242463273365668641e+00
-5.410490677983815999e+00
-6.824366158841176144e+00
-6.861882720100381583e+00
-1.023114028322821234e+01
-7.972865955610452637e+00
-7.335940610031911113e+00
-4.695702814113969836e+00
-5.229117623532808956e+00
-4.115098534413305309e+00
-5.884101793271179659e+00
-7.865502229452137506e+00
-6.512990057151146317e+00
-4.149041984366875546e+00
-4.708076314128318174e+00
-5.654637029065439080e+00
-5.221599919947484736e+00
-6.275192940022177090e+00
-5.803730048208809222e+00
-6.271407047100985288e+00
-5.958555239222325994e+00
-4.432970199981082438e+00
-5.431354262073837091e+00
-3.997377736863367392e+00
-6.711583650163063020e+00
-5.253786702111365337e+00
-6.074613319371519715e+00
-5.082075893705091829e+00
-5.379498604045563681e+00
-4.345459843125195398e+00
-7.988594389868898915e+00
-6.226461013593403315e+00
-4.999636959562078431e+00
-5.170226075710107061e+00
-6.741248550618066382e+00
-4.383597178542367523e+00
-6.300883001020178398e+00
-7.995908175188429112e+00
-3.883420094205686457e+00
-5.823678682297467546e+00
-4.508308595215899217e+00
-6.188978161677098022e+00
-6.554338715396820447e+00
-4.421930640150485203e+00
-7.100182276487348787e+00
-5.591384402055293634e+00
-6.320007445982345651e+00
-2.766543759011975911e+00
-4.502548081734529362e+00
-6.175127211020020823e+00
-4.883409238065282487e+00
-5.953995058360200154e+00
-5.231106261184437223e+00
-5.708289777128647380e+00
-4.193255995988223184e+00
-7.325235897005225816e+00
-5.923871608653414889e+00
-6.127456361480060565e+00
-5.771492309017106415e+00
-8.750484576886520927e+00
-4.693163591639450516e+00
-4.025020283759881856e+00
-6.254997947679215464e+00
-7.240383799112712460e+00
-5.409113494472576278e+00
-7.069685149531189872e+00
-4.644483510651938651e+00
-7.381853083252289949e+00
-6.365785553755241466e+00
-5.246377977933113890e+00
-5.391429936805118395e+00
-5.148576768651607516e+00
-7.285949671977511422e+00
-6.213277784244469082e+00
-6.056185560470448870e+00
-4.473041282541426078e+00
-6.464275865051275716e+00
-5.320445672387879021e+00
-5.202080338730167952e+00
-6.444216240301109622e+00
-7.090988727023201932e+00
-4.426187373479207210e+00
-4.905894056409598747e+00
-7.643714733588820920e+00
-2.779530548417942892e+00
-7.228310551266498685e+00
-5.374943402664117187e+00
-4.919779062351211429e+00
-4.726250781071064999e+00
-6.220761171290653202e+00
-2.245885364095369319e+00
-7.829219001714760040e+00
-6.125393333913137006e+00
-4.006307071474688897e+00
-2.798809647983563575e+00
-5.189753754436352118e+00
-6.992551742368689816e+00
-6.125367797692617522e+00
-4.451232033647596786e+00
-5.005187795189518951e+00
-6.191655905209481503e+00
-5.610744369660816133e+00
-2.069599644118921056e+00
-5.137208150946844576e+00
-4.691181314834086180e+00
-4.141865223448725430e+00
-7.177568528462823672e+00
-6.488301604003337886e+00
-4.925620528653266383e+00
-4.636212231015162999e+00
-4.392796863980590771e+00
-6.673731329291438641e+00
-6.492965009256580267e+00
-7.696560717446728539e+00
-5.802301464694240352e+00
-9.213685118607555680e+00
-5.092693241712947128e+00
-5.766524848488471022e+00
-5.581609750305615236e+00
-5.552721660368146850e+00
-4.503020148616285745e+00
-3.968409169136236869e+00
-9.079255392144748527e+00
-4.271546411807960908e+00
-5.962515683969487057e+00
-3.401446655917290229e+00
-4.117361922111365757e+00
-5.612370300941793566e+00
-8.211242281878989857e+00
-5.442662896247580484e+00
-6.234425024687001660e+00
-3.578621131558589852e+00
-5.627317659070093292e+00
-4.439795976739999261e+00
-7.250309966930501560e+00
-3.903078004212428453e+00
-4.420129648501673003e+00
-5.215355187755700506e+00
-2.571349623382713112e+00
-8.974663854757947590e+00
-4.804676706919446261e+00
-3.796748910621432049e+00
-7.110288433135799835e+00
-5.962305641523872879e+00
-7.851906047593180560e+00
-3.390256343334297373e+00
-4.931722471274435193e+00
-5.285146909589567343e+00
-3.278585882695392861e+00
-4.836530139916886739e+00
-4.464804326275986668e+00
-4.851575256327788743e+00
-6.511416012146198362e+00
-6.067644516396648591e+00
-5.344014131033794968e+00
-4.907584867576760601e+00
-3.480486129735286038e+00
-5.256979515545695314e+00
-3.560326859249425269e+00
-5.015072018519665775e+00
-4.458527742544188932e+00
-5.369080151057491257e+00
-3.486519035354254115e+00
-6.016707766794294088e+00
-6.394341379907601208e+00
-6.964547304072106648e+00
-5.518441891147447542e+00
-8.432058332934975198e+00
-4.900899076770991236e+00
-4.551196412940822889e+00
-6.189652054907133660e+00
-6.428112479905289334e+00
-2.072406329751014020e+00
-4.612135652368269056e+00
-5.895896249521524801e+00
-4.983845718882358611e+00
-6.187296892563501238e+00
-6.255299670247985055e+00
-3.226443254280837447e+00
-4.437158514258762843e+00
-4.904945426025739685e+00
-4.094123494825636200e+00
-6.400638577276843044e+00
-6.282892242398737892e+00
-2.724375810109695983e+00
-4.453948128594705125e+00
-7.552225314892208274e+00
-5.907788350150613432e+00
-6.584344802139947106e+00
-5.551413912996647326e+00
-7.859872252017263250e+00
-2.790587629372874190e+00
-8.516507088543230353e+00
-7.636519179138667290e+00
-4.775261117270214406e+00
-9.061558434775102810e+00
-5.190068232928093828e+00
-2.976130985292917419e+00
-5.977580128484717648e+00
-8.066362100712334282e+00
-8.758645846456911244e+00
-5.904973397290336656e+00
-7.202097396291175180e+00
-9.699741564058390608e+00
-4.981952534922709397e+00
-8.110707449884468900e+00
-6.518648650962860280e+00
-5.316065681891514849e+00
-5.938745720457906607e+00
-5.978461112044132442e+00
-6.879347101846710721e+00
-2.649667587133746061e+00
-6.328054330135385541e+00
-6.149563557437931927e+00
-4.121308529387539110e+00
-4.439587466136863725e+00
-5.795831735857451150e+00
-5.951326782316590958e+00
-7.363419400041301799e+00
-4.743685774698231050e+00
-4.353665416032697522e+00
-6.329891869191700771e+00
-4.993772654476888562e+00
-5.930530203231303865e+00
-4.918219999313973467e+00
-5.591850725096961128e+00
-6.432008680546656088e+00
-5.351349500751122257e+00
-4.379060298806677132e+00
-2.130289783416936089e+00
-6.487899877222875311e+00
-5.824253937488421684e+00
-8.967517866910746704e+00
-7.779445757028960351e+00
-5.286778568139921752e+00
-4.786201592259734738e+00
-7.314785057714210836e+00
-5.402607313649109066e+00
-3.073130063950396007e+00
-6.884818666085601890e+00
-8.170971064221733471e+00
-5.715790680003043356e+00
-6.755777374756833709e+00
-5.320892385066174235e+00
-5.371252564106756111e+00
-4.700804258266464863e+00
-5.505715390159437561e+00
-6.177623550323149360e+00
-6.482732178347187180e+00
-5.080591254126902712e+00
-5.487673343053708130e+00
-6.088761301426839800e+00
-5.398824618734418657e+00
-3.840708307449394621e+00
-6.133448830107230521e+00
-4.652775935941685148e+00
-4.227936936159307990e+00
-4.856870570532977105e+00
-4.962655889670055664e+00
-5.082448453421394952e+00
-8.719638097156458656e+00
-7.241698919000722157e+00
-5.003987050417811666e+00
-4.467372966081524233e+00
-5.158089408698181444e+00
-6.992997527014463977e+00
-4.597364537474387447e+00
-8.312480047582958775e+00
-6.854247444690517277e+00
-3.841793965995310423e+00
-4.950244436043005791e+00
-5.790374834713837515e+00
-5.916410833667960389e+00
-6.854505139725284302e+00
-7.756234002854675680e+00
-6.075968893216924904e+00
-7.564373001613963865e+00
-6.759970499884960127e+00
-5.437960920801386600e+00
-3.425510348324356080e+00
-4.293764765863614663e+00
-8.153512338214246924e+00
-3.008816316833408777e+00
-6.275761547500890991e+00
-7.785438134426875045e+00
-5.477103560687972106e+00
-8.252841452395546895e+00
-6.748691892632596279e+00
-4.802346602914853158e+00
-5.780260271416357121e+00
-6.275285050028319489e+00
-6.052912598210075323e+00
-4.524316128691660666e+00
-5.998128925553835700e+00
-6.380372138872743015e+00
-5.122334682361534774e+00
-4.883080295999845610e+00
-6.290385221321757037e+00
-4.654970032586405182e+00
-6.463652752932782519e+00
-8.313137120205288610e+00
-6.736265661841880359e+00
-5.537914368723830805e+00
-6.004695066387455427e+00
-5.379468385057524671e+00
-6.479666919217135224e+00
-6.122856257575253203e+00
-5.403253424905861024e+00
-6.825416280182703410e+00
-6.676194087837512114e+00
-6.428881773906453212e+00
-6.291283264450727941e+00
-6.316345500830561122e+00
-3.321087194809069665e+00
-5.792092712067069549e+00
-4.974265998220072760e+00
-1.031958417435238751e+01
-4.976295889306193487e+00
-5.406352614210299556e+00
-7.079514013796427641e+00
-5.863284475548815600e+00
-5.615800784682235758e+00
-6.046537815673278082e+00
-5.197272328184918244e+00
-6.423606076426183087e+00
-5.225280052486187543e+00
-5.370719468178847933e+00
-5.516762921767928596e+00
-4.962867221188419720e+00
-6.400383968828248449e+00
-6.523402676729486593e+00
-7.354709584743407191e+00
-6.539794929074123964e+00
-6.719531730132800362e+00
-8.228987431668988606e+00
-6.212478046054021874e+00
-7.042116351606945379e+00
-4.676240362443652820e+00
-6.453868494284650481e+00
-5.308850427993264454e+00
-6.845332352825751698e+00
-4.518221088523044493e+00
-5.664982052501291498e+00
-6.136571431499596940e+00
-4.916271561272444579e+00
-4.635054354727887294e+00
-4.895757798862955035e+00
-5.057958663312098757e+00
-6.442965077659735584e+00
-6.294733320198330873e+00
-9.581867320498453466e+00
-7.719558646373450905e+00
-4.284593887309855020e+00
-3.476433741752060325e+00
-4.557177838298181349e+00
-5.549697303761418787e+00
-6.986679247860487330e+00
-5.786693681977070014e+00
-6.497449369807418940e+00
-3.851654491043958295e+00
-5.234207185408719099e+00
-1.112557040293018495e+01
-4.662273284537095108e+00
-5.981756887490550234e+00
-4.049532016144446800e+00
-4.320644908718766608e+00
-1.762844912602254954e+00
-5.310331214598070559e+00
-4.522641765755913923e+00
-9.045884399620817362e+00
-4.115844108686469660e+00
-3.353885889011122501e+00
-5.117772428055606504e+00
-6.593790282709527162e+00
-5.858353479955969334e+00
-5.373371127619096299e+00
-5.937758901248377796e+00
-5.513828966192904524e+00
-5.625655528760202806e+00
-5.297648620083930560e+00
-6.130685124680398168e+00
-6.171971186165386314e+00
-5.882626133361830156e+00
-5.128971281000721305e+00
-6.215494311061998900e+00
-4.991233417124801619e+00
-4.813116314136733465e+00
-5.881524366752556077e+00
-6.981166995476310255e+00
-8.302199980359525000e+00
-6.450710561519489517e+00
-5.807036279613775775e+00
-4.407347144051149357e+00
-6.709471866347515245e+00
-7.056079152788345965e+00
-8.603895406005904078e+00
-6.858740606691068997e+00
-4.189350212228176495e+00
-5.194564431818823103e+00
-5.794037287767975997e+00
-6.963266566090284826e+00
-7.754461051943403405e+00
-8.628185347402473226e+00
-8.126250657102717767e+00
-5.753537211249896366e+00
-4.421721396017820105e+00
-5.482818105726194879e+00
-7.772761866079021864e+00
-3.589307940877974890e+00
-5.794380406087261903e+00
-2.517992663512627516e+00
-6.640222801530733854e+00
-4.190433061272525350e+00
-6.090216105585299466e+00
-4.537511822927743133e+00
-5.721339382393909823e+00
-5.801991242720434094e+00
-5.202408080582199723e+00
-5.040818104800458777e+00
-4.416424974855659435e+00
-6.846864247276139182e+00
-6.475038663047059551e+00
-3.777436893059561651e+00
-3.967076480289918550e+00
-4.819125449141483664e+00
-6.112364807735509942e+00
-6.145226363095146915e+00
-4.481369715054831282e+00
-4.201672144525993247e+00
-6.346967117976400452e+00
-5.360457198506220600e+00
-4.625913762012499930e+00
-4.871546736467011307e+00
-4.212321440127367644e+00
-4.989030571478106246e+00
-5.142244745262587458e+00
-4.064148976093776788e+00
-5.992428149084876310e+00
-5.634224151550484727e+00
-7.309546410468717781e+00
-6.961205804955836740e+00
-4.271833409280204386e+00
-1.018363899082877211e+01
-5.130129706062997563e+00
-5.138094237808139120e+00
-9.708627126638473825e+00
-7.312512719742956691e+00
-5.347257047132281116e+00
-4.265484469757103270e+00
-4.782159156013279677e+00
-5.566850963206340097e+00
-5.301327198250220363e+00
-6.253913871358458998e+00
-7.853467395108193472e+00
-6.064093316498525787e+00
-5.076871847235289614e+00
-4.202095567020896816e+00
-4.440253944126893337e+00
-3.335593021778390455e+00
-2.971527682697400863e+00
-2.642431969956803073e+00
-5.627536695544919532e+00
-6.820647808321445460e+00
-3.500909726902222019e+00
-6.297654294742892844e+00
-3.156827260507271582e+00
-4.841640841486555047e+00
-5.525625086326153124e+00
-5.837108506967004118e+00
-4.816997614371902436e+00
-5.097983137775208284e+00
-4.612127373343334114e+00
-5.732745297768465420e+00
-6.164525435597946412e+00
-6.843335911511758241e+00
-6.894332761836549750e+00
-4.460626576832186885e+00
-5.512613760611041691e+00
-1.103777291896691359e+01
-4.728492885355526809e+00
-9.360297629122937835e+00
-5.477632306177793176e+00
-4.145655435016378121e+00
-5.951286996818456743e+00
-6.090822946847105790e+00
-4.085648842170212625e+00
-4.529648106260846241e+00
-4.738387234257534608e+00
-6.040062060758471851e+00
-5.341943771571541433e+00
-5.612452887233963850e+00
-5.928800258202477913e+00
-5.261552304255467938e+00
-4.610609175851569042e+00
-3.759102192121868580e+00
-5.624536825226620351e+00
-6.058446075593431068e+00
-6.974981095265595954e+00
-4.831168997360396844e+00
-5.799351196849096723e+00
-4.012039975500978350e+00
-6.398625899941349005e+00
-3.350520294783017938e+00
-6.299817950554191803e+00
-4.554468908827133511e+00
-4.102118536124630843e+00
-4.213875226123879436e+00
-5.596415521645301538e+00
-4.815162915240352781e+00
-5.846582611559578702e+00
-6.141257525050392019e+00
-6.120712996662904359e+00
-5.079312048779798694e+00
-5.426208238209291324e+00
-5.824887629445644421e+00
-8.838444575060783848e+00
-5.820055858356877110e+00
-5.918014129774644694e+00
-5.733825302130234114e+00
-4.238087044078857168e+00
-7.527548855937397754e+00
-3.462212465395527516e+00
-5.544227464891346102e+00
-5.359461765682326018e+00
-5.989313822773597806e+00
-6.808907952475052205e+00
-6.427902266218638694e+00
-6.380795818525675678e+00
-4.885746905806166218e+00
-3.178575382869070154e+00
-5.033421623577054582e+00
-6.347392772816125017e+00
-1.026922956779351104e+01
-4.430511043886963485e+00
-7.186216425708183309e+00
-3.319214541201791491e+00
-5.829005358522137747e+00
-5.972443373135602585e+00
-4.270870766327404588e+00
-5.655868272022035903e+00
-4.613131229961290103e+00
-4.620917516654982293e+00
-4.226509451327846278e+00
-5.202416709306961096e+00
-4.800986538667230796e+00
-4.522385332458340734e+00
-8.729508068215103833e+00
-7.513121655147526390e+00
-8.396532207765304179e+00
-7.922386331232265988e+00
-5.655034751923132319e+00
-4.831452899005889812e+00
-4.075087056596454538e+00
-7.442701157605900342e+00
-7.045849596564348616e+00
-5.391340293136115847e+00
-6.840284688080973119e+00
-4.456054728915916030e+00
-6.419876224984724544e+00
-4.455709323788061837e+00
-5.900697129846857791e+00
-6.633203124110278459e+00
-7.461695733061681324e+00
-1.092259335574818202e+01
-4.520838366466265690e+00
-3.022742293511828660e+00
-3.600537020917980335e+00
-6.740563080947226560e+00
-6.454967810930066108e+00
-5.139657347310333968e+00
-1.040387337123106093e+01
-5.106033542174846396e+00
-3.873480497906605535e+00
-6.172835609824088188e+00
-3.784383366251365732e+00
-3.340435551505533951e+00
-2.220604236115392816e+00
-5.263854078541819526e+00
-4.513570094441378799e+00
-3.158349729500709469e+00
-4.343012127296378644e+00
-3.884881105210630903e+00
-3.997724939709530467e+00
-4.159706865472716508e+00
-4.954954555448764175e+00
-8.883919381614154176e+00
-9.608620236486816069e+00
-5.500230156522868619e+00
-6.417987285142144671e+00
-6.088030451511341923e+00
-5.848212980345514289e+00
-2.449575680787984044e+00
-4.061425012550629710e+00
-5.161627749416352273e+00
-6.003455048286045148e+00
-4.452625858247281521e+00
-9.337571597872305063e+00
-7.276852188222730611e+00
-4.958012208733085124e+00
-6.996352774803838770e+00
-1.004886088348614948e+01
-9.458814826201651371e+00
-7.301567480537418220e+00
-3.189999287132172956e+00
-8.496288628442215440e+00
-6.489915157318114858e+00
-6.047933639053256094e+00
-4.778143925465646369e+00
-5.042277604409806102e+00
-9.524195071756839326e+00
-7.069751242324091578e+00
-5.299394566866880929e+00
-6.609807610737778560e+00
-6.025774585198611533e+00
-9.149901048769558898e+00
-8.345535289620979569e+00
-4.689874717556560491e+00
-5.498944721354173559e+00
-5.532165844927233067e+00
-4.391357570381213549e+00
-3.748651435224958028e+00
-6.337262698320051513e+00
-5.098610222953682047e+00
-6.604488674518343316e+00
-3.818823461808884101e+00
-6.036335490227989098e+00
-9.663449056950087268e+00
-4.641142603412273360e+00
-6.724637742855278155e+00
-6.473062032549334432e+00
-6.119869422515855639e+00
-3.907696848460164407e+00
-8.040220582618069045e+00
-7.356104385985064553e+00
-5.341496669212361326e+00
-6.277078563359257402e+00
-5.805093349303429129e+00
-1.028637246422346152e+01
-1.317708312558507799e+01
-5.822380076000465365e+00
-7.429080876225603092e+00
-9.795302569435909490e+00
-5.835960695477822036e+00
-7.462582654089358059e+00
-4.124137230297550971e+00
-4.809690870391826856e+00
-6.255084939359996099e+00
-6.690142925219610959e+00
-5.033824047163127702e+00
-6.270082374051835217e+00
-5.431567360981059522e+00
-4.449370407092692936e+00
-4.304640392354379230e+00
-4.190539084323372521e+00
-3.964793521137286003e+00
-4.805312244844931691e+00
-6.087842337058235742e+00
-4.759864534023527050e+00
-5.681209671802818661e+00
-8.298741289007791622e+00
-4.137422700791309360e+00
-3.977181078892203292e+00
-5.961449779539678140e+00
-3.771800022365523475e+00
-5.030402717242022703e+00
-5.406786192709581940e+00
-5.239038455415516715e+00
-7.016692785724998771e+00
-6.189026537687831286e+00
-4.652136476891737260e+00
-7.531623350825779717e+00
-3.364343685798965478e+00
-5.974158385004228577e+00
-4.867446108991900999e+00
-4.261369714207952519e+00
-5.871982448590918224e+00
-9.218051039449250084e+00
-3.513632476245362568e+00
-5.341045758047454406e+00
-8.590801916854456266e+00
-5.905242017839722024e+00
-4.579047763134663995e+00
-6.936423311833295635e+00
-1.001616972358214674e+01
-6.277985929481065597e+00
-3.249751905172439947e+00
-5.012868853864570262e+00
-6.438985249176000458e+00
-4.586325484210626691e+00
-4.909998423648376686e+00
-5.280278368723891447e+00
-5.684389340935895873e+00
-5.649911564958592258e+00
-7.159870530746878181e+00
-4.919924459765977254e+00
-5.711046417344984860e+00
-4.459565780128039947e+00
-4.630992575962719293e+00
-4.055538922452059047e+00
-3.641907727026072017e+00
-9.831180412014328240e+00
-6.880645328027508612e+00
-5.261850155172870913e+00
-5.207756188667687525e+00
-5.812639473784716238e+00
-5.017921343253306965e+00
-5.489843784182645514e+00
-3.467119333957634275e+00
-8.459452083701267000e+00
-2.694941480159759983e+00
-3.545436062551416079e+00
-4.414338871636740436e+00
-3.877047667780892937e+00
-5.729737388805177467e+00
-4.097278205202894874e+00
-4.182764501680312108e+00
-4.223020419615012067e+00
-5.733517263677597064e+00
-6.299576673115913295e+00
-6.748747612363970028e+00
-4.606891264986248125e+00
-5.174958345104007762e+00
-4.633199090185263991e+00
-5.911509933206561485e+00
-4.157267285967243708e+00
-6.839669395685197273e+00
-4.817200229651604104e+00
-5.722165046043693692e+00
-6.358727349869286449e+00
-8.754315981375674127e+00
-5.073955737346167005e+00
-5.451002645755806952e+00
-6.202473683941488680e+00
-5.129503898967056053e+00
-5.734602243277552525e+00
-4.149101664201669593e+00
-7.885525235311440895e+00
-5.367558928785225447e+00
-3.193419742988424570e+00
-8.396173959379396479e+00
-5.416375637833030332e+00
-5.567287971834964821e+00
-6.041759930198391082e+00
-8.361483222974465335e+00
-5.921085206053531280e+00
-3.388063897247113765e+00
-6.181216873562586755e+00
-3.650316874856749827e+00
-3.334998070963347327e+00
-5.504269242512684457e+00
-4.762379764859254294e+00
-4.322320703508951034e+00
-4.262948177214089363e+00
-6.200060360867531095e+00
-9.965847451731567830e+00
-4.509931518835327502e+00
-5.672716985157998160e+00
-5.995202737110358449e+00
-7.246183937883624360e+00
-2.759469634267810889e+00
-6.428940314536292000e+00
-4.145026848686861776e+00
-4.707005907240633391e+00
-5.979893370035416211e+00
-8.230050010674945682e+00
-7.909442098858455950e+00
-4.739425480191906459e+00
-3.247554410018649307e+00
-5.103574609741571955e+00
-4.472523688839751266e+00
-4.256993684543917134e+00
-3.890037845291198781e+00
-4.151461089178297925e+00
-4.731924829738836102e+00
-4.839032928142076528e+00
-6.358082561389235998e+00
-4.361989042371511971e+00
-3.297132201107218386e+00
-4.504980268747234895e+00
-5.477612840169420849e+00
-3.558593674645450289e+00
-4.047656656379497342e+00
-5.683584272687636663e+00
-7.124091001373406229e+00
-8.252341705391188498e+00
-3.865020791471005079e+00
-5.280291045454021948e+00
-5.138391156504550139e+00
-5.002982100874183047e+00
-4.952017935341226362e+00
-6.040933707077678960e+00
-2.304904651865985254e+00
-8.837874023467302109e+00
-6.799165179856744068e+00
-5.272717240845164355e+00
-4.663502139594408291e+00
-4.035091655919330833e+00
-4.067954512760041830e+00
-6.256210951703910617e+00
-4.911076190608866909e+00
-4.783551909906788246e+00
-7.450568818612024913e+00
-5.817525795698789359e+00
-7.675499804400529591e+00
-4.365336761146783928e+00
-5.398428895202775912e+00
-5.599031721665213901e+00
-5.419183820502833981e+00
-3.077510293486217741e+00
-6.438026609080534257e+00
-4.651213101236152170e+00
-5.081064453663924674e+00
-5.277845356550071365e+00
-3.487587555266915995e+00
-6.505681044546887115e+00
-5.799432140413050440e+00
-4.881892811864616988e+00
-3.762490927987421241e+00
-4.925212166629734156e+00
-5.712559022722145663e+00
-5.596935311012591008e+00
-6.003432747468353980e+00
-7.320344978969543170e+00
-8.365084235239155674e+00
-4.682684617651008629e+00
-4.146741400484617479e+00
-6.063980670039229359e+00
-5.158690384725731271e+00
-4.502862266490857301e+00
-4.676705873286972626e+00
-4.650020856191714458e+00
-6.492288109630345971e+00
-9.021119892733791445e+00
-8.602141371622684218e+00
-5.158408941193174613e+00
-5.103666735839101243e+00
-3.290176247738300308e+00
-4.073351842332631811e+00
-5.554006397108238957e+00
-5.244244697884966833e+00
-6.291826276609674196e+00
-2.668454270582026222e+00
-5.014871443603188261e+00
-8.064847960661474247e+00
-1.011286690827894041e+01
-5.718283721206089076e+00
-4.157362899300951931e+00
-5.430243188219144201e+00
-7.050545455427220887e+00
-3.997538941374047194e+00
-5.402020888850093350e+00
-6.510413291934876057e+00
-5.621470316318176508e+00
-3.148588452389465608e+00
-5.621769958109905652e+00
-4.070546499077228653e+00
-5.638951166093352008e+00
-6.047404077082873641e+00
-8.474708083596082631e+00
-6.735300194585077449e+00
-6.415491952020056843e+00
-6.582004093600437145e+00
-4.512476767230158892e+00
-5.512716264134896349e+00
-1.127420515112951627e+01
-4.022216607167695912e+00
-4.727627075834819337e+00
-5.720028527551639819e+00
-7.147265403712791176e+00
-5.290516212886199554e+00
-5.698614046347016071e+00
-3.090402265902607137e+00
-8.163377627667042447e+00
-2.655650284134471573e+00
-7.115637384569273749e+00
-5.293198454563193600e+00
-4.972960653463380787e+00
-4.216551332348958070e+00
-4.977689757115519420e+00
-5.209511325320849373e+00
-9.613020719535031233e+00
-5.797971546741825577e+00
-4.696564326455816563e+00
-7.718193154575307524e+00
-5.450438346760969388e+00
-3.925335446196296374e+00
-5.329904979795834663e+00
-4.333140205361570629e+00
-6.657415585728980290e+00
-4.832505824957043394e+00
-4.083275957868124806e+00
-6.943462307623899932e+00
-3.677612544296310126e+00
-4.610412513794997835e+00
-5.583595013725884293e+00
-5.562053748832394007e+00
-6.229288477867224394e+00
-3.347735239705692312e+00
-5.824044417091338133e+00
-4.835978368055076970e+00
-6.427878537770361334e+00
-9.425897042848170315e+00
-4.954019549594574023e+00
-7.105310040519265513e+00
-5.839867248247068154e+00
-5.078495335901775931e+00
-5.365641752394539665e+00
-5.030147440411771420e+00
-3.817540761951354611e+00
-5.586961982496704060e+00
-7.382576227957382997e+00
-5.860578427072616670e+00
-5.529836639319858804e+00
-5.875088493688033431e+00
-5.202503229230644344e+00
-3.251762236924840010e+00
-5.400571589061992306e+00
-5.227019089222575410e+00
-4.091096036225556176e+00
-5.157922848476097499e+00
-5.262769936156146855e+00
-5.443164743494865121e+00
-6.030425728679945863e+00
-5.278451589117447718e+00
-7.095029865617553888e+00
-4.367687242054075547e+00
-5.242518369588381688e+00
-6.063037422786780262e+00
-5.733560484690590542e+00
-6.121733844936519731e+00
-5.624800461394092288e+00
-4.979057006462788593e+00
-4.614797608696546760e+00
-3.422464209004614677e+00
-6.652371434396134653e+00
-6.531673484818391273e+00
-8.406968569806471336e+00
-3.964287356998151157e+00
-6.022078657826411607e+00
-5.404762680155534404e+00
-4.090787007577096901e+00
-3.636441020332897178e+00
-5.770327717136590984e+00
-6.509265657206376510e+00
-5.554303157369299804e+00
-4.357516130025809176e+00
-4.767423484366388742e+00
-4.998892278869325523e+00
-4.894876621480410250e+00
-4.764807303946465566e+00
-6.120238661347579878e+00
-4.142600164927542572e+00
-5.631792740477870041e+00
-3.433631898682564021e+00
-5.519306785351909106e+00
-6.641693515863272168e+00
-5.398950927150123924e+00
-5.104950752344599607e+00
-5.394033698746313554e+00
-4.597571086284393260e+00
-1.034701723778745119e+01
-5.980412843164681469e+00
-6.047189124763630019e+00
-8.261439577194554573e+00
-1.152738400230743210e+01
-3.650689361320810900e+00
-7.753566688665502582e+00
-5.068256496564795377e+00
-5.082225414795181528e+00
-4.039504001143080281e+00
-9.818761258576685691e+00
-5.642154617926726345e+00
-6.571301437286661162e+00
-6.047583696070435444e+00
-5.340294611332320862e+00
-5.314778744523104947e+00
-5.063691368738191478e+00
-8.255743524904053388e+00
-5.361679156212133535e+00
-5.636374626059705406e+00
-6.619770801715552544e+00
-5.835230846162887453e+00
-3.262824438326681786e+00
-6.872139967001974270e+00
-5.230836751598244128e+00
-7.033191899980728579e+00
-7.755019451296577770e+00
-6.834289357346173155e+00
-9.049587868768101728e+00
-6.549566744963333242e+00
-5.729378917955479267e+00
-7.765166200248525996e+00
-5.154611400961255363e+00
-4.186816884538778538e+00
-5.899317118532336757e+00
-6.389491287121551899e+00
-3.452468085338048276e+00
-4.099862999132524166e+00
-6.844447010356931926e+00
-6.005218559081357377e+00
-5.442097197987764368e+00
-6.245426468720660651e+00
-5.649415563095984361e+00
-5.540319494374096543e+00
-3.737478560325998345e+00
-1.000501275439560800e+01
-4.281044393105439383e+00
-5.490824397644031407e+00
-5.566029981070508725e+00
-6.022792199786753287e+00
-5.989345218922946579e+00
-6.810451307037848068e+00
-5.328490667901312428e+00
-4.356599137556430357e+00
-5.591251969518759246e+00
-3.534508455582582975e+00
-5.091248769040529254e+00
-6.170286774327355950e+00
-5.206446781865010642e+00
-4.915577442013973730e+00
-7.630838306646793967e+00
-4.112042594240355342e+00
-6.546156261539709753e+00
-6.014982594725365672e+00
-5.449748158168048917e+00
-8.053072041658067448e+00
-5.079080209728950912e+00
-5.270901704242453079e+00
-4.992747426489369644e+00
-7.745856594254573402e+00
-4.163371390378723724e+00
-6.242280581117299221e+00
-6.289272641001270259e+00
-4.945991116091609463e+00
-4.752554211636385695e+00
-5.190278304059061654e+00
-5.023572621203960864e+00
-2.763479012281323755e+00
-8.884544844588891266e+00
-6.905245214061189962e+00
-6.074876352260509371e+00
-5.527171801013874841e+00
-4.050357316698258714e+00
-1.475007488815733403e+00
-4.977260734556865351e+00
-5.253086427915841128e+00
-5.482461888891337232e+00
-5.830239308911067120e+00
-5.989973241442194229e+00
-5.471007735616838730e+00
-4.937036892338347194e+00
-5.665995738760879696e+00
-6.059823048181209870e+00
-4.913983325166006999e+00
-6.069502213440838290e+00
-8.377909356288611775e+00
-6.401743703428035559e+00
-5.047628235124054896e+00
-5.713808488947649700e+00
-5.249992477677142944e+00
-5.244399430743109214e+00
-3.682962031527114988e+00
-8.678650997680302126e+00
-8.220540842810645898e+00
-5.760822924867893491e+00
-6.284857486466565391e+00
-6.563303045512488332e+00
-4.892543281828366730e+00
-6.296795871866245342e+00
-5.386996770823374803e+00
-4.573814660376556596e+00
-5.710217629573619114e+00
-7.492247423070173440e+00
-3.306041987704732676e+00
-6.260261893053849391e+00
-5.566131310333186200e+00
-7.587348245176182004e+00
-5.629803843467188429e+00
-6.744388688280558597e+00
-3.923567362132168945e+00
-5.584456501644105231e+00
-5.736036268500614987e+00
-1.129639243333849130e+01
-7.199483243906253271e+00
-3.986287718222787824e+00
-6.079362092363337133e+00
-2.346221246890724643e+00
-6.350625962444891748e+00
-4.583088989548385506e+00
-2.792957620130853247e+00
-3.443828219463427764e+00
-6.571269294084984836e+00
-9.797925642000512525e+00
-5.749190505342556712e+00
-6.236156148107102837e+00
-8.420631330265354819e+00
-5.913637018412352120e+00
-5.321094011537730317e+00
-5.076661892494190198e+00
-9.639361519413693458e+00
-9.232372529727099320e+00
-5.694565424232432171e+00
-4.308623261952151395e+00
-6.136434591079135359e+00
-5.390252699544035409e+00
-3.406474578653149621e+00
-3.870387170499192564e+00
-5.294533845352630941e+00
-6.565815983234598363e+00
-3.864086489905916633e+00
-9.647081807900221406e+00
-3.994011190005265721e+00
-9.210474514901020981e+00
-6.101586859177178468e+00
-5.211439676376059538e+00
-8.233551424097894866e+00
-5.943861299641430840e+00
-4.795504328566916996e+00
-4.665066744659717379e+00
-4.240752195920795664e+00
-6.364149543426313116e+00
-7.247530353267369385e+00
-4.482503964887933456e+00
-7.495662486582996387e+00
-4.472865416948374140e+00
-4.409465140479928991e+00
-4.012983550442381642e+00
-9.308865333999198910e+00
-5.783937725629039406e+00
-3.762419539628549803e+00
-1.050331419683310408e+01
-6.449126500718919353e+00
-6.280018446536737464e+00
-6.600589098100860141e+00
-8.560967566970116849e+00
-5.617769267544151290e+00
-4.965840065379317991e+00
-5.894417997753246929e+00
-6.270793908623980784e+00
-6.930696637419364592e+00
-4.896081356522318018e+00
-7.300491839384040560e+00
-2.294060902352755615e+00
-6.291576280341173444e+00
-5.986317193185290542e+00
-6.870766335658727186e+00
-5.507720393053566532e+00
-1.015145811473392179e+01
-6.868277375821646658e+00
-4.981639642360311981e+00
-3.896932473620400295e+00
-9.985152986902747330e+00
-7.188040339355047159e+00
-1.037904544673301999e+01
-5.955748763116699429e+00
-5.211043384627128461e+00
-5.126111077135430349e+00
-8.299188422918941654e+00
-3.758042364797864465e+00
-6.209323238297056236e+00
-5.976446215555075270e+00
-9.190237742155170864e+00
-3.503410573009400064e+00
-6.369186454831312183e+00
-8.587746538367744265e+00
-5.743540202631923108e+00
-5.653840745272733059e+00
-4.700797408344228323e+00
-4.331433390669526595e+00
-5.258390271895257762e+00
-5.489679064383110152e+00
-3.049868184092765055e+00
-9.538624197350818790e+00
-8.912325530959915199e+00
-4.372053541215137784e+00
-6.332931426723177992e+00
-7.051062728593748830e+00
-4.675364161434894861e+00
-5.159462237046412270e+00
-5.862246258285516376e+00
-5.313518413667255302e+00
-6.514947471811127322e+00
-4.290462585189689371e+00
-4.322386456235001617e+00
-8.061782644878453752e+00
-4.429846453339486345e+00
-5.043649434893080929e+00
-7.924071265111989781e+00
-1.005670865921490176e+01
-5.538118858758361185e+00
-4.705553600259128721e+00
-4.707925583993398000e+00
-4.273388072406248739e+00
-6.382987308753658162e+00
-3.876965124828122278e+00
-5.669214345404256505e+00
-6.079865221414094911e+00
-5.776788886065284956e+00
-6.503657741662737024e+00
-4.469711215736346333e+00
-5.624259056358910769e+00
-5.793464694440367602e+00
-6.281068143204478815e+00
-3.854454813948522407e+00
-6.233233327690511416e+00
-7.363501477215440794e+00
-6.148370135446388218e+00
-5.009498847940315081e+00
-5.337897628990313059e+00
-4.765982018144179655e+00
-4.578808697298167196e+00
-6.218745676250508225e+00
-8.912125176167119633e+00
-4.927212721228598546e+00
-4.129880418304976430e+00
-3.010795641337831619e+00
-5.446147739316025138e+00
-5.428877181510131322e+00
-4.867555506600685256e+00
-7.625740762480224255e+00
-6.620893672767405036e+00
-6.183281788449736638e+00
-4.804697365789360575e+00
-7.415525248032068362e+00
-6.347920709990584776e+00
-7.651098873337111250e+00
-3.432575051000345212e+00
-2.679760395996272138e+00
-3.766636728224654451e+00
-5.953003964558863714e+00
-4.327847463147094231e+00
-4.320511536785710760e+00
-5.535042249543594473e+00
-5.456275524143752165e+00
-6.778517832297831447e+00
-5.997504185254995512e+00
-5.797779743842159661e+00
-3.993843907495335799e+00
-5.890077383561060920e+00
-5.179308046457668624e+00
-6.902677145302296147e+00
-7.936002056970570706e+00
-8.295012991355733334e+00
-1.231751256093693669e+01
-4.395996099540345092e+00
-4.650561693329364310e+00
-4.749003328444440619e+00
-2.965034291971477387e+00
-6.441939806469404672e+00
-4.540668684671945066e+00
-4.177076341111834346e+00
-6.080774466742453477e+00
-6.100235537383707829e+00
-4.762347103310750285e+00
-6.005855285699167823e+00
-6.017494547249129688e+00
-5.187571672250206767e+00
-4.677009301495431259e+00
-6.355061452946315192e+00
-4.623982994344705055e+00
-5.300821410492062569e+00
-5.485444267306475830e+00
-2.352579051911209973e+00
-4.478301448505370708e+00
-5.113849019010863195e+00
-4.675770303923641791e+00
-6.340812548886988864e+00
-7.844737367706991371e+00
-7.354204291280360906e+00
-7.056824447399005606e+00
-5.782397155153875978e+00
-7.847351427846279925e+00
-4.178558118166404434e+00
-2.153065049825857447e+00
-4.800771875276542033e+00
-4.675363615101203685e+00
-5.066812766960513414e+00
-7.723205900344380481e+00
-5.488812115347017517e+00
-4.336213659742227833e+00
-4.544059869635851179e+00
-5.931587073232357454e+00
-5.595947624783964791e+00
-9.285871977325527382e+00
-6.306728828068203896e+00
-9.700843143500389232e+00
-3.815462063913543922e+00
-6.654020959123348788e+00
-2.051347473229591323e+00
-3.777907572778561374e+00
-4.546547876163073987e+00
-3.848322147317850828e+00
-5.798966658939295193e+00
-3.039930228170004689e+00
-7.502006810450303931e+00
-4.455316675939907434e+00
-7.355231522298105951e+00
-5.329735888328405835e+00
-7.919369129821657971e+00
-3.986216138761491390e+00
-7.235752884743114066e+00
-4.232287040439125292e+00
-4.978101206590731742e+00
-5.691422044767688426e+00
-4.937875108730046314e+00
-5.722533611350380411e+00
-6.363912440695488115e+00
-5.229722454139962728e+00
-7.250045023108524056e+00
-5.238850591629123699e+00
-5.798594815948360903e+00
-5.493181848280133117e+00
-7.040650380547465836e+00
-5.852255914649614255e+00
-6.001131752531978059e+00
-2.987255097190541608e+00
-3.697915118488790842e+00
-5.371311030132075004e+00
-5.761012093909705811e+00
-6.146706373776619436e+00
-5.725932789091645603e+00
-5.344673638479163102e+00
-6.291468537095313174e+00
-4.460695456196246411e+00
-5.609473605767513860e+00
-5.198641762271527078e+00
-6.593031182640541665e+00
-5.172661251779024916e+00
-4.631055425323543417e+00
-4.372889331177498562e+00
-5.834314510473361359e+00
-5.630627411664775650e+00
-4.982587915382036492e+00
-7.437880025901526082e+00
-7.031127408349266084e+00
-7.112328481387968360e+00
-7.299980195020639329e+00
-7.183630559951069472e+00
-6.293814582877484298e+00
-7.059328403759125514e+00
-6.571441270448890926e+00
-8.721623549118019625e+00
-3.653461404427265080e+00
-4.944085982821260217e+00
-1.108797952786088281e+01
-7.136126733907188324e+00
-7.309774041479454532e+00
-4.885328764787563394e+00
-6.152004569063583617e+00
-6.433688135265062336e+00
-3.322678513295948655e+00
-7.326255570899697922e+00
-5.040639385308451459e+00
-4.140099619061374803e+00
-6.159073359272134951e+00
-5.203658307653545201e+00
-3.737510293799761740e+00
-6.163145537801085538e+00
-6.685401588259887617e+00
-3.717666684426367940e+00
-4.600620706347129385e+00
-6.066275637963789436e+00
-4.543524643895525017e+00
-5.030719687122852335e+00
-5.691225239379329892e+00
-4.881375842807815779e+00
-3.861923726633191833e+00
-2.076137647677212428e+00
-4.453861661890522683e+00
-4.374860654611139488e+00
-4.497854883618029653e+00
-5.405464748889829529e+00
-7.021599584431076124e+00
-4.943620496312155943e+00
-5.879707531639065898e+00
-3.906653327702857226e+00
-5.522033181453124939e+00
-6.317664622277644249e+00
-5.681523566092052668e+00
-3.471915273221829690e+00
-1.135414831182982454e+01
-7.442868804592016829e+00
-4.887820842523129983e+00
-3.314831000788138748e+00
-4.728938339713341321e+00
-6.918691606597354493e+00
-6.554814789267876307e+00
-4.071099228428059824e+00
-6.125658234604945740e+00
-6.113549822889891239e+00
-7.131176407564435493e+00
-7.310104781077554570e+00
-9.927239934796467935e+00
-5.830177928815288624e+00
-6.968867227028436417e+00
-6.058990898681183346e+00
-5.891445978693043095e+00
-4.322959954109662384e+00
-8.859573158727338082e+00
-4.545095979351551740e+00
-8.148950393892825161e+00
-5.755372834293169149e+00
-5.266929272454231814e+00
-6.801785683948546435e+00
-5.290662039250135784e+00
-1.347967288647470063e+00
-6.190482364494978462e+00
-5.601140872876470667e+00
-2.989584386198470334e+00
-6.384140084610631760e+00
-6.231524037688976669e+00
-5.111275029949844395e+00
-5.545334106793626816e+00
-3.926366561906413200e+00
-5.884646157139295397e+00
-6.148343176207194283e+00
-6.084209656766308427e+00
-1.049779514634920297e+01
-6.646546418150888869e+00
-5.286305567409844031e+00
-4.422062892956038382e+00
-4.281483295829969116e+00
-5.607722841041161033e+00
-8.349985129945602935e+00
-6.009078557205699056e+00
-5.615436849986516599e+00
-6.171052521398290303e+00
-6.303130488057308689e+00
-7.175889054903759501e+00
-5.948182204032940845e+00
-5.758250029186409158e+00
-6.264776842885342312e+00
-7.167240633311992681e+00
-6.026501177227125972e+00
-7.938703229596839606e+00
-5.902371914509684458e+00
-6.624336199273043846e+00
-9.030782321569205351e+00
-4.739128750885527985e+00
-2.984166166648889451e+00
-5.797560171348975722e+00
-5.378376269264147247e+00
-7.102451160065829328e+00
-7.070149382167187468e+00
-6.267988757178809323e+00
-9.675746104861303820e+00
-3.773609730344889002e+00
-6.483433366435892076e+00
-5.373965217677874939e+00
-6.914307515085367228e+00
-5.640142516056695143e+00
-7.532546367023767786e+00
-4.808006930781528965e+00
-4.644051252601044233e+00
-6.010989703383917693e+00
-8.205819114271552195e+00
-4.633825770229104357e+00
-5.251955066302175013e+00
-9.351043839299428839e+00
-3.998892605594048799e+00
-3.653474821412939111e+00
-7.850592503895983398e+00
-5.725477923164144833e+00
-4.119921755803130914e+00
-6.929962035548562937e+00
-4.379981793677435675e+00
-6.308213389215368672e+00
-5.002580668382347717e+00
-6.161488778804740107e+00
-5.735768161161493239e+00
-3.194748591135566418e+00
-4.128904883728674591e+00
-6.095470922860630303e+00
-8.843289905218405522e+00
-5.934061162644375109e+00
-4.470699438406774640e+00
-4.473855752700321986e+00
-8.386984381251036069e+00
-3.911513276132441597e+00
-5.463354082571345138e+00
-4.710197766657300278e+00
-4.505853720355157854e+00
-6.376606468570112263e+00
-4.725331964564203346e+00
-7.707300935563942801e+00
-9.872532402301832377e+00
-5.436989152075105913e+00
-5.334035559091717893e+00
-6.431833871367700795e+00
-6.308385522274302382e+00
-5.969690440968300038e+00
-4.492129123231400456e+00
-5.491290619112550786e+00
-8.148405004264789753e+00
-6.730826263452568625e+00
-5.744460396417107262e+00
-5.061135180320588844e+00
-7.003029011493551614e+00
-3.168039114372183995e+00
-6.272994630972545949e+00
-5.811899875003843974e+00
-7.290835635670773307e+00
-5.762597601211941090e+00
-1.051150480178992197e+01
-4.434342420020448650e+00
-6.426625695138548089e+00
-3.803212403089430982e+00
-6.079376808360843043e+00
-5.295999164585023067e+00
-7.976926090932139779e+00
-6.040618763265510616e+00
-6.088172430541985314e+00
-4.413283844349286333e+00
-8.491382236562046160e+00
-2.595051807234064256e+00
-4.057412039733181430e+00
-6.779788293478389072e+00
-5.374962535023691146e+00
-4.292740048499780414e+00
-6.479904059556004903e+00
-2.121924206384148803e+00
-5.541190590168664443e+00
-5.827666486006854107e+00
-6.077865111244220131e+00
-4.286923725894340009e+00
-5.523967874062559957e+00
-8.201469143989186250e+00
-4.892031877725076860e+00
-4.568717943862084852e+00
-5.901934080105895930e+00
-4.945202321073041141e+00
-4.166106606558588332e+00
-6.100474131606521411e+00
-5.418620152556647085e+00
-5.579524933530021436e+00
-5.952744647486756691e+00
-4.965813624830297535e+00
-4.485341175440701988e+00
-7.652336424087487821e+00
-9.568959213153776844e+00
-1.139288321747507382e+01
-8.143249863972890523e+00
-8.201779515285048561e+00
-5.270067975040527486e+00
-7.588199485450981996e+00
-5.315473409739015054e+00
-6.358455411861962503e+00
-7.354393541251000421e+00
-9.325886659750095120e+00
-5.901943484791867256e+00
-5.162035478048644599e+00
-9.125033987013623005e+00
-4.964651127294327004e+00
-7.416053327513236759e+00
-4.595376566031325716e+00
-5.392271069221821200e+00
-6.035328360384951019e+00
-5.625968563241263709e+00
-8.128526764679699923e+00
-4.805159519532697487e+00
-5.962923700392248172e+00
-5.305621348281705174e+00
-7.908765851421284410e+00
-4.547736144128567304e+00
-5.174338967530056621e+00
-6.614796744784340987e+00
-8.292947390438994759e+00
-4.457294257981081920e+00
-3.427833675934001345e+00
-6.049050990438090025e+00
-5.477411383156352898e+00
-7.152317021689069243e+00
-6.550142937467123616e+00
-5.581496618149801137e+00
-4.868322516782212617e+00
-6.197389571210368153e+00
-6.734322347095235806e+00
-4.972373005193349904e+00
-6.371266702455780084e+00
-6.265962232706449697e+00
-4.146801997289061958e+00
-1.000787242542207167e+01
-8.444932885912558973e+00
-7.604902956251677892e+00
-1.704075008325278695e+00
-9.216676957785463031e+00
-7.256695680379246838e+00
-7.556276692987731636e+00
-5.749571199498451080e+00
-5.520523397176837044e+00
-5.925553745526821459e+00
-6.146679617368305593e+00
-3.626817733338722149e+00
-6.056677904071906759e+00
-5.180812467933941790e+00
-6.363581399148952933e+00
-4.772246031991516979e+00
-7.259096254653607971e+00
-6.061938692531239070e+00
-4.363312978478769644e+00
-7.336797032133988594e+00
-4.794375878838820881e+00
-7.201850063736863206e+00
-7.827139884704108042e+00
-7.769364407655475091e+00
-1.080279477453107972e+01
-8.823691242753218589e+00
-4.756048987078791868e+00
-5.462637657788896206e+00
-7.171021822555612601e+00
-7.383359963485971456e+00
-6.995879603599509444e+00
-8.419177277171364437e+00
-7.903154117203628815e+00
-5.288172950060417321e+00
-3.483912460720168802e+00
-5.879705052971218038e+00
-3.002407684280228750e+00
-5.482490484163168531e+00
-4.142048040795450525e+00
-4.439298423000303195e+00
-8.088846600619456595e+00
-9.314248948351169233e+00
-4.532981553338469638e+00
-9.015849043250703687e+00
-5.312501476315782512e+00
-6.262325634030005972e+00
-5.536479670648775553e+00
-4.626535398655260423e+00
-6.417529575717326296e+00
-5.033498879190532627e+00
-8.104383347459760856e+00
-6.868707948500914817e+00
-4.898972359709441449e+00
-6.935712216492744275e+00
-6.156969718120373081e+00
-5.872642833720893130e+00
-3.414533049037682400e+00
-4.984507073352116180e+00
-5.727176373850555890e+00
-7.111988028847925136e+00
-5.083740736461557219e+00
-2.330529738130667994e+00
-5.134314595550301341e+00
-3.658058174213396185e+00
-3.523804886490109034e+00
-4.610195419854796306e+00
-5.684053417013337217e+00
-5.488231061960258117e+00
-5.228324411641808389e+00
-6.599934020359690123e+00
-5.025299559815474382e+00
-5.738287881905837828e+00
-4.000909648758051773e+00
-6.133462639229373181e+00
-5.157087663223968832e+00
-3.832282804999500136e+00
-5.240028131489950169e+00
-6.661270942830795683e+00
-7.051624736243238267e+00
-5.905077755710113507e+00
-5.266025696098183495e+00
-4.312647909984614003e+00
-1.196468520970953620e+01
-5.325818057057137622e+00
-9.922395641421900336e+00
-5.816462012544275417e+00
-1.048328788579938831e+01
-6.719960361336049459e+00
-4.364358625642954514e+00
-5.306614664442217411e+00
-1.088435891034764857e+01
-5.607864740751684174e+00
-6.300002947595594982e+00
-6.336672505643841546e+00
-6.573781232196838076e+00
-4.803762009769680041e+00
-4.912625555972260472e+00
-4.517972732463849894e+00
-6.399421549138925691e+00
-4.716880088521789638e+00
-6.800961374053732023e+00
-4.141841200239334775e+00
-4.521478397334616872e+00
-7.459776926089701554e+00
-5.113285613606371349e+00
-4.178827990150080218e+00
-3.837880262907592765e+00
-8.898096096704405156e+00
-4.707325238805262657e+00
-5.121051162909719068e+00
-4.228792888625215518e+00
-4.881976900636531447e+00
-6.193281656345351216e+00
-6.039061496747038404e+00
-6.466836408293498373e+00
-4.754170009847730860e+00
-4.592977597437180037e+00
-4.751578300582242953e+00
-5.135985061519469319e+00
-5.862341418867311305e+00
-5.507349803538372335e+00
-6.227611940490705322e+00
-9.658956853475425319e+00
-5.654852985350416361e+00
-3.664420941162858991e+00
-4.349128634991126674e+00
-5.754301782622315287e+00
-5.453334317213547777e+00
-6.943339845953508060e+00
-4.179969057711463876e+00
-6.753717783530552410e+00
-5.201263159193719510e+00
-4.388517215596513310e+00
-4.774833746014783387e+00
-7.085532799356306199e+00
-5.799877969574186665e+00
-4.766766577406478689e+00
-6.530093333919223753e+00
-5.260179081151261649e+00
-5.965368810446314285e+00
-4.642088923074306095e+00
-3.492280874081576947e+00
-5.013313045191264195e+00
-4.772056126172347312e+00
-4.806549651705974036e+00
-4.410412382506456730e+00
-6.548287126605085717e+00
-5.013615025508530110e+00
-3.385522726970413565e+00
-3.766771910890940323e+00
-5.843426383535691215e+00
-7.992187923655533766e+00
-5.817479651513197680e+00
-3.734926015961914203e+00
-5.682913467746848468e+00
-6.133767163108417186e+00
-6.441089891941598644e+00
-8.646411080193395549e+00
-4.512508893644440633e+00
-4.608092193273206405e+00
-4.587617463300626142e+00
-6.288101433856413180e+00
-6.338188015315065371e+00
-4.436748235853389843e+00
-5.535189850345257234e+00
-6.304604908399906726e+00
-4.534196265742806986e+00
-6.886223961977910868e+00
-5.276123601301261345e+00
-8.901296189170333051e+00
-4.966797448398549086e+00
-6.698405602587388152e+00
-8.894498783775295792e+00
-6.742157613171885444e+00
-1.088214369687376148e+01
-1.025837689886738957e+01
-4.568078843458247107e+00
-7.089594877560315922e+00
-8.040365776016690447e+00
-6.359278722214823709e+00
-5.697501410457616267e+00
-5.030596036932120541e+00
-6.200760068254544954e+00
-1.940714701537666231e+00
-6.047453995375584590e+00
-4.575840005942930944e+00
-6.148066593327250473e+00
-5.993124246877309602e+00
-4.402584581483155013e+00
-4.541565982072303775e+00
-5.817548321738838624e+00
-6.928316107422117121e+00
-5.873403123307351592e+00
-4.934016965003064747e+00
-5.305533200737711397e+00
-3.084301319740093028e+00
-5.701979430693514317e+00
-5.588897982348997928e+00
-3.328148241542899122e+00
-5.838892088685808446e+00
-4.884630172304190943e+00
-6.763757260634253754e+00
-4.764978721352293611e+00
-8.735517912236353766e+00
-7.457796761147680087e+00
-5.769719807313755666e+00
-7.375141730245202254e+00
-3.515866390389699170e+00
-5.316441595269989939e+00
-7.857472469814124949e+00
-5.240596246063712549e+00
-4.820591079318276684e+00
-5.907247331475839580e+00
-5.974533090713745942e+00
-4.221752180057270820e+00
-5.422201061438148173e+00
-4.011263578598698309e+00
-4.586664467798545530e+00
-6.024828917394084549e+00
-3.764036297866455438e+00
-5.129224019750951769e+00
-4.500894293901821719e+00
-3.606631879709039090e+00
-7.506740268620973211e+00
-5.991053164031360900e+00
-9.849720430416986972e+00
-6.256107593178748871e+00
-5.035945402249072167e+00
-5.178365022108581961e+00
-2.911452552628393420e+00
-5.162496661856768476e+00
-7.876533912443246521e+00
-6.735386425323786064e+00
-5.476883676060788630e+00
-4.796525259692844934e+00
-5.491095423611503712e+00
-5.663249114211031277e+00
-1.147604229590980296e+01
-4.923711892186977579e+00
-4.740339463499068984e+00
-4.541391487682861161e+00
-4.787161611733337097e+00
-4.839255202032625824e+00
-7.008069122104594761e+00
-4.083039611446360517e+00
-3.987986721554769520e+00
-4.892839374536030128e+00
-5.464562849224233965e+00
-4.383616293119886542e+00
-4.883067450813326715e+00
-6.999913620767496347e+00
-7.179502940073611228e+00
-9.572507039270057305e+00
-5.588030810061221487e+00
-5.184998125905790012e+00
-6.648446783837553831e+00
-1.004922617809163832e+01
-6.880250043981398278e+00
-5.407122500153880296e+00
-6.146482987731695324e+00
-4.644819984638446364e+00
-5.362420685370764772e+00
-5.875844684485965530e+00
-5.741315705372638689e+00
-4.106049003493662752e+00
-6.756731396567075443e+00
-4.249911398485924252e+00
-3.865571318897730535e+00
-5.522107563652099316e+00
-4.953924059592806906e+00
-5.178533006685474227e+00
-6.498353507649774485e+00
-9.422112388094268098e+00
-8.207897255677110593e+00
-4.105509811749060489e+00
-5.845845275772736827e+00
-4.686459795174501508e+00
-5.226402145535373300e+00
-4.832957419781013897e+00
-4.412779650886233362e+00
-4.728948156107215084e+00
-4.970441536248973335e+00
-5.233273280189683518e+00
-6.012530745364725426e+00
-4.373505629225322267e+00
-5.695292367148523383e+00
-3.458388159176335908e+00
-4.646481520764528028e+00
-4.948186426094425272e+00
-6.470343956194816393e+00
-3.625225977243238695e+00
-6.401146938874076930e+00
-5.697263117025917367e+00
-7.648889840761821546e+00
-5.785540679185342761e+00
-2.923964260169612750e+00
-7.807772701279570349e+00
-4.606126440936079369e+00
-6.089830624852329066e+00
-5.604074744277323994e+00
-5.006901594027255875e+00
-4.945980302382883664e+00
-6.633409429609777419e+00
-7.326769875186190717e+00
-8.735720408725242692e+00
-4.166768017890555065e+00
-7.509383477463702050e+00
-4.251528752184782434e+00
-5.868592421559617911e+00
-7.233881270259001184e+00
-4.549234378198781847e+00
-6.279916347016269995e+00
-5.256573378609495251e+00
-4.754670093936846698e+00
-1.054661502646344928e+01
-5.499571851593755945e+00
-4.937839528846863502e+00
-4.169399110680445553e+00
-4.076593688948083383e+00
-7.142094054870928410e+00
-5.679446842093644143e+00
-4.851453168266141702e+00
-2.789362392769506371e+00
-2.349952498196935302e+00
-6.063814432795471276e+00
-4.207841212541486797e+00
-4.647822283422574863e+00
-9.451424931246791061e+00
-5.346264626579360524e+00
-6.650329391067848483e+00
-4.805235945201168590e+00
-4.931572275704397157e+00
-9.858302572845794032e+00
-5.787455784947303172e+00
-6.362668844539670410e+00
-6.224576930042975853e+00
-3.046907102945569434e+00
-4.760216546701268037e+00
-7.604898967063055792e+00
-6.601929787193736132e+00
-5.258573212642223993e+00
-8.413499443817885393e+00
-5.512248622768869843e+00
-5.460073205376665406e+00
-5.273716360921040014e+00
-7.079265812456609019e+00
-8.213510169772431979e+00
-5.553888450080525452e+00
-5.992197612213592706e+00
-4.132152669522288768e+00
-4.390887883694222893e+00
-7.102148918079834061e+00
-8.382101631991567103e+00
-7.959323599704229757e+00
-5.332188132278001369e+00
-5.402598167007792718e+00
-3.415034679110471316e+00
-9.062942450647556214e+00
-6.918542010392374486e+00
-5.220985194593046330e+00
-3.773317750981078245e+00
-6.055366326678542244e+00
-3.436097613848746679e+00
-6.210260473415253557e+00
-5.407183899469055532e+00
-6.241803594768667196e+00
-4.620368770391992008e+00
-4.024272035266585945e+00
-6.876789802535128615e+00
-6.835450146072235889e+00
-3.601251056942466278e+00
-4.731432487259309205e+00
-9.191099183758721480e+00
-6.176567153219756356e+00
-6.779597536000116165e+00
-7.051154978850858512e+00
-6.575451236921671772e+00
-6.220572327202807728e+00
-7.027576300741488424e+00
-6.521837693620475385e+00
-7.265615886390210498e+00
-6.394636805329473539e+00
-4.896099412891393499e+00
-6.342387634334462732e+00
-7.427400254781050037e+00
-7.056380912198376265e+00
-9.976504932228481337e+00
-4.824648770141727994e+00
-6.053378334283208595e+00
-5.834021058968576590e+00
-4.602614604762448103e+00
-5.385768358917907506e+00
-4.090773611045130487e+00
-8.521428259047366893e+00
-3.791412114666777633e+00
-5.131349250013631291e+00
-5.768697076437375060e+00
-8.263664925452323118e+00
-4.907565855092061113e+00
-4.091320714104304201e+00
-4.594835205286122104e+00
-4.507800502051290792e+00
-7.936968725466479135e+00
-4.292801126807305856e+00
-5.758118786950286783e+00
-7.581902547998353725e+00
-5.987355711794769775e+00
-3.827544269775348784e+00
-9.590344591325157708e+00
-6.372436357022572828e+00
-5.118134300495185585e+00
-6.770106309949731838e+00
-3.846713186234858917e+00
-4.562193804622939552e+00
-6.745983539095148807e+00
-6.163590167454136015e+00
-4.868440152294315482e+00
-6.921579973508914740e+00
-6.949455317222825279e+00
-3.819267242462685896e+00
-3.537687942764410121e+00
-4.064869649045172117e+00
-4.116303973125917004e+00
-9.237833944387118024e+00
-6.296101012782505890e+00
-6.170158118600025610e+00
-5.250269911358134145e+00
-4.380367238178228817e+00
-7.373915245693178910e+00
-7.059190169621260225e+00
-4.210999493158113616e+00
-4.118631820185108872e+00
-5.614620137167475988e+00
-4.730396974855413106e+00
-7.469347977693503893e+00
-5.433938646628211799e+00
-7.936132225514081817e+00
-5.402886569968117669e+00
-5.950941620886326611e+00
-4.859935927529509314e+00
-5.961032123229778712e+00
-5.374457809935638153e+00
-4.953448491615553451e+00
-4.787455640001846646e+00
-6.238043021123855780e+00
-5.483294820098207012e+00
-4.864747960334643295e+00
-5.529639883966497749e+00
-5.735770453703903371e+00
-8.322744984048107142e+00
-7.073636806763090590e+00
-5.174973576710869771e+00
-5.684951276191818614e+00
-5.751336166216682422e+00
-2.840485637222105897e+00
-6.343021639027947245e+00
-7.994537586205327173e+00
-5.632955790311720889e+00
-5.410325960646696686e+00
-4.789606278710688336e+00
-9.259759270809590603e+00
-7.202101059218247947e+00
-1.793156785062826053e+00
-3.123041111924374391e+00
-4.535354308819395719e+00
-5.245005199965711462e+00
-5.039363461151716628e+00
-6.884089679182194388e+00
-4.925490404260657762e+00
-7.623953937376538370e+00
-5.795376379278177836e+00
-2.460717254421982414e+00
-5.885754310337826034e+00
-6.039618786937247741e+00
-7.803180247150363513e+00
-6.170364785666889951e+00
-4.692486602474625457e+00
-4.699581622103848666e+00
-6.020863041140763094e+00
-5.480005405756337211e+00
-6.066104901860780885e+00
-5.864484372130286616e+00
-4.950005081084866809e+00
-5.686767829485856574e+00
-6.421802063940714511e+00
-5.167463872894645149e+00
-5.785498452798774949e+00
-5.080267408465346080e+00
-6.432721498902266966e+00
-5.391240713976944932e+00
-4.744845812235027438e+00
-6.546649159847452104e+00
-5.863958410780255370e+00
-9.150063298339651041e+00
-7.521984861333542938e+00
-1.068853096602360608e+01
-8.147718627751496356e+00
-5.737285566838462358e+00
-5.130673885858307415e+00
-4.809045057525237254e+00
-4.989532223498448715e+00
-5.273031487779073601e+00
-3.173787623815859771e+00
-8.869351932783922976e+00
-5.471651115779452290e+00
-5.347620485654100086e+00
-3.454580708197631189e+00
-4.614120076114312852e+00
-5.803801608420286584e+00
-3.517677738888806971e+00
-4.543712685000152796e+00
-3.462803321937719669e+00
-3.979786310481528755e+00
-6.219501648512358649e+00
-6.269246780739475611e+00
-5.929327005549021479e+00
-4.173666121774664894e+00
-5.634067695235214224e+00
-6.680457429330175501e+00
-5.030718837493408202e+00
-7.974437182153264025e+00
-3.817499476612232101e+00
-4.149014313387994868e+00
-6.524802401697265886e+00
-4.128204977974916368e+00
-4.586991058909645425e+00
-4.805404387974490099e+00
-5.170671212465813404e+00
-4.755858946671709830e+00
-4.346211177101977796e+00
-5.889494878418745749e+00
-6.741610525966311052e+00
-4.478101435907805516e+00
-4.410672353028010306e+00
-6.943877499397843600e+00
-4.971977470012379108e+00
-4.414046782193705276e+00
-7.425560695476829842e+00
-3.243828799244013794e+00
-8.929859714444107865e+00
-5.572628619109591064e+00
-7.822975435640041830e+00
-8.193652942668645522e+00
-4.322640579050406551e+00
-8.284471468282863071e+00
-4.488417545557023658e+00
-4.737953247436633930e+00
-4.444044546593602263e+00
-4.690829523919150645e+00
-6.399519579762593224e+00
-4.246812772807971648e+00
-4.770934222835427896e+00
-5.510721407988417475e+00
-5.587961719141028460e+00
-5.646985935329770889e+00
-6.356864843898763162e+00
-4.658159994957967953e+00
-4.632202211370072931e+00
-3.820805430003133996e+00
-5.441722246345752190e+00
-6.660848709601910222e+00
-3.989565666355813001e+00
-6.049886155744397698e+00
-5.950239271360758586e+00
-6.607227739781765585e+00
-6.166865659226353102e+00
-5.026588533132648529e+00
-7.986216077941163505e+00
-4.126715494113044613e+00
-5.931173837360618428e+00
-4.905907033547760143e+00
-4.953765895608189140e+00
-6.428035481325045097e+00
-5.241428641473251382e+00
-5.759575656871620986e+00
-4.695366677489750451e+00
-1.016401920695293093e+01
-5.241875351943074079e+00
-3.899935873705275391e+00
-5.541734271852298832e+00
-5.026393742604184034e+00
-4.556780683410663890e+00
-4.372799133696283036e+00
-6.637047795372083669e+00
-9.730169949545219410e+00
-5.195384920967742737e+00
-6.191336386663218505e+00
-8.215858947455267014e+00
-2.216107686551288314e+00
-5.705376367211966837e+00
-5.864049568852410133e+00
-5.404445502166328019e+00
-5.752977662289516125e+00
-4.824518522363158368e+00
-5.646867880802601825e+00
-5.853481224020945284e+00
-4.881127645729729458e+00
-4.664519230258962423e+00
-5.688253838717316491e+00
-5.234570701611541921e+00
-5.087732327152044043e+00
-8.175725931659341583e+00
-5.501478908705836446e+00
-3.361833976661786849e+00
-5.121362404079486730e+00
-4.798117021465675869e+00
-6.944489755849045487e+00
-4.403331096110247422e+00
-7.166760272203013926e+00
-5.308738005749878752e+00
-2.144810509715228797e+00
-4.271105721198022565e+00
-5.029861414419490195e+00
-7.945365660682947251e+00
-5.158668444593124569e+00
-4.997791391480093104e+00
-5.621955753948539858e+00
-5.201677091786635287e+00
-7.931028534992289103e+00
-1.134105574751459322e+01
-5.112922329834352908e+00
-5.950861015648890806e+00
-6.377995243178681939e+00
-5.880149363954241259e+00
-5.761472883516924881e+00
-5.620055597197884723e+00
-4.856963212837158927e+00
-6.253517274702589113e+00
-6.097847888448585607e+00
-5.371060055558258384e+00
-3.458524248344203134e+00
-5.764762525171665430e+00
-5.214273100575435471e+00
-4.284354600648707212e+00
